56.655,13.268
36.3128,83.0938
59.0888,53.5505
33.5708,40.7749
25.5014,33.6304
96.7361,25.0622
4.18723,77.6547
96.1206,59.4459
46.725,9.0839
80.1242,19.868
6.72995,8.6198
18.8139,82.122
89.4136,60.8755
27.9992,69.0421
62.7826,54.045
87.8647,41.3999
29.0281,73.6554
80.8525,86.5512
88.3358,48.4747
87.3922,70.3593
4.88511,80.8352
26.5524,43.1274
2.52663,11.5159
16.1389,22.3458
94.5332,80.4773
50.5429,75.8735
64.924,88.2426
42.5571,59.6651
5.76053,16.674
83.4282,56.4673
89.0337,42.5566
86.3922,16.077
93.2793,50.5217
40.0603,68.1384
37.6945,44.0738
12.0461,24.8814
13.2741,39.4934
1.193,15.515
99.4623,29.3546
48.0132,67.7028
14.1207,11.5681
39.6432,21.1462
10.2228,97.6361
49.4105,64.5314
46.2641,36.8122
7.6048,17.5959
5.96326,30.3261
91.2801,93.4023
62.0236,16.0259
57.9345,83.2069
52.1395,28.838
61.7788,79.7666
11.6308,89.81
85.9728,79.9338
86.1826,94.8849
15.1072,27.5116
32.0076,76.375
28.1182,73.8342
75.6749,88.177
35.904,35.5902
46.1733,59.8133
22.4272,78.8924
96.3722,94.3752
22.1162,22.506
59.9061,55.9189
8.68702,95.4202
20.7344,26.9964
42.251,32.4363
15.1692,25.9423
23.306,44.2792
80.4521,62.709
21.3785,32.68
9.34444,45.6231
49.3878,63.9893
25.0142,73.1763
20.2431,1.98583
93.1499,22.7918
41.7674,75.0136
27.5657,7.26445
93.1124,1.91497
74.4407,59.589
15.7117,55.173
50.2702,41.2713
78.94,90.3352
66.6781,28.4038
87.5974,56.7652
10.036,51.1176
80.0885,22.9155
20.8486,46.5327
56.1214,8.49057
74.689,29.4629
89.5293,44.9144
26.501,73.5464
91.2161,8.29844
56.6212,64.8259
0.696878,71.0467
7.15818,7.42769
78.2907,9.24066
51.8861,26.151
77.253,87.0163
79.3976,16.2928
50.0473,45.5434
81.3918,68.8179
24.9992,69.0303
46.4072,39.0277
75.3344,46.9257
61.0453,49.8675
57.0797,70.5478
38.3742,85.8769
85.6719,80.7566
85.3908,76.7851
5.59032,87.6374
73.8237,67.3188
63.7199,97.3356
54.2523,26.5205
80.2144,84.1747
23.4687,36.7191
22.7582,98.6739
54.3004,38.0818
70.9054,80.6188
13.5328,90.9734
65.6892,80.5385
49.5337,35.9417
81.3233,42.2375
97.79,81.3033
29.2755,49.9015
46.1718,24.1885
52.0449,25.8356
94.0469,88.4024
57.3876,3.41041
8.79607,81.6015
40.1368,0.852228
61.7043,32.5536
56.7837,19.6009
62.5614,49.7042
96.0487,73.8135
29.9808,7.21416
20.9469,18.9845
62.2196,24.07
87.0931,15.81
36.4508,82.5453
2.26493,41.1531
32.0465,78.6509
57.7366,84.4073
53.9875,12.0029
82.7046,15.6596
29.5811,96.0507
50.0052,52.2239
46.3244,22.7674
40.6355,73.8366
15.9471,66.6766
54.8209,41.5093
23.7431,90.6251
96.4586,30.7278
38.0067,10.3397
60.8544,20.43
25.0765,65.085
76.1349,81.2734
22.7675,2.44181
4.12164,95.3741
92.8267,74.7041
30.6677,91.0143
39.5768,66.4929
51.9318,34.2005
39.22,25.9665
74.2828,80.898
90.2894,42.0578
48.6017,58.2211
55.0831,38.1085
47.4144,96.9481
2.13716,25.7413
94.4058,32.0742
74.771,98.2758
80.2789,58.2773
91.4205,2.45342
75.2272,4.93304
71.3491,4.32495
21.9141,17.7727
50.7713,60.7941
49.9445,30.8596
59.6142,13.0319
13.541,96.4847
74.7848,97.6871
25.131,47.7725
93.4658,72.1708
41.4745,1.14607
24.8183,81.9071
54.0035,99.6734
3.86601,97.6637
93.7138,32.5367
21.1003,13.8306
80.9625,38.7399
96.9256,36.845
34.3607,94.3734
82.1695,33.7617
45.4674,0.727831
69.3787,35.2091
16.7135,68.2909
68.5838,37.8888
87.825,77.4976
52.2432,29.9128
1.28186,11.0564
42.9362,77.0508
86.9256,40.6154
52.3056,23.1173
3.08475,48.5608
83.1428,41.0658
17.8476,99.006
99.067,15.8856
90.0107,19.9673
99.3786,56.0875
17.8284,15.2863
5.30372,3.78584
81.7065,2.21339
71.4933,81.185
17.9169,89.4775
80.0253,59.4928
26.6862,73.258
31.6908,56.3225
42.8839,19.6443
67.0086,16.6092
28.56,88.0174
59.9593,68.7147
84.3679,31.6199
83.5533,78.705
92.0609,93.0307
11.2437,98.6493
65.0683,63.061
86.3533,89.5569
70.9922,10.5298
23.3852,99.8829
45.4464,72.174
73.4481,55.2227
22.2393,40.6772
24.5774,11.6761
21.8721,29.6182
13.9392,54.9843
43.873,13.9318
2.40757,38.9717
81.8417,48.1233
55.9512,73.9329
54.9056,56.8752
45.2696,28.4815
74.4918,29.0421
93.7541,95.4877
70.5084,46.5248
93.0453,49.9045
75.4005,2.21784
34.9789,58.7765
12.009,60.7472
91.2546,36.658
44.0502,20.4134
87.2685,33.2791
29.9637,48.084
59.1081,53.0242
84.0189,85.9977
83.1979,57.4997
79.4983,42.256
93.7081,41.2956
15.2187,14.3852
69.5615,49.0072
52.2369,44.0446
96.6687,86.674
17.64,59.3056
62.6923,85.4498
44.0738,96.7802
36.2971,0.396832
63.9698,85.5572
18.2074,60.2167
5.18022,4.58869
75.5985,90.3231
39.5011,12.4921
6.75329,43.7931
13.5825,37.7518
22.7517,20.1145
14.2327,53.3585
87.1287,21.9763
16.7526,25.9452
95.0527,7.77506
19.8274,29.8416
4.95224,82.6444
84.1309,41.4127
1.26906,54.5369
58.012,77.9059
49.9881,68.1546
2.78401,83.2361
55.3025,4.46175
26.6643,10.6532
75.1146,46.7414
1.04313,95.9822
71.3475,45.1137
57.0426,97.8705
85.7876,77.075
45.217,30.2717
80.6653,67.065
72.0789,68.8074
32.9624,46.5335
4.6194,70.1394
23.955,8.06255
30.0509,93.783
78.9334,33.7203
61.9681,76.1578
92.6042,22.605
44.9032,90.4516
97.3386,43.7427
89.915,15.5387
77.592,5.04897
57.2567,42.8645
88.7937,88.4701
10.4266,43.8088
78.8944,55.9453
38.2485,32.2382
34.8562,51.2032
56.3988,55.2793
25.1015,70.6707
89.0314,79.655
24.0096,63.2938
84.9634,67.4614
3.87629,97.622
11.8467,90.7612
75.7134,16.306
41.2652,85.1489
6.97875,58.8254
52.7743,17.0731
65.8186,6.72402
72.283,39.8278
49.6932,37.7311
0.814337,94.4858
45.153,7.04047
68.5488,74.3697
94.398,77.4231
94.5534,22.2161
29.9709,68.5113
61.2336,22.9208
9.38915,29.8854
67.3324,30.3795
55.7279,55.2746
86.3922,5.62001
8.48897,29.6859
61.5296,20.7888
97.5496,90.3594
68.5398,70.2516
22.7122,5.24678
16.9168,73.266
33.5485,64.6174
83.3133,0.444523
28.2443,96.1693
24.0631,37.5184
36.9538,70.3409
86.9161,68.2284
69.3303,72.7494
3.27874,70.4016
12.9027,39.0542
20.4361,49.6005
54.6827,37.446
13.8844,40.0697
14.2905,19.1428
16.6712,82.5695
78.0207,82.7037
3.84876,21.9183
63.1866,78.3197
20.3216,71.6795
61.1986,1.07459
90.2248,38.5364
72.9708,98.9576
24.0096,71.6109
11.463,15.9393
56.3108,43.2636
27.1414,39.2467
56.7063,43.6663
78.6067,50.9695
61.5952,53.043
92.0244,8.7983
83.7746,45.6703
97.8609,36.6037
56.8776,73.7316
52.279,88.1641
50.0548,78.0486
1.50194,21.9498
84.5487,45.8514
48.7094,1.50822
36.5066,73.9106
14.4112,73.9166
27.3005,35.7389
46.4431,18.8691
58.0327,11.7566
29.2244,5.81115
83.703,23.9
10.5736,99.3372
29.6254,91.0807
69.2253,51.241
51.5765,49.3514
6.3983,20.2598
39.351,92.1393
42.2609,44.6796
73.0444,84.9022
12.3796,2.90867
53.6205,31.4062
98.6741,88.7383
34.0035,8.42474
55.6127,46.5872
7.98983,53.1419
77.5112,27.3405
68.7671,92.0383
76.5718,11.8344
26.5592,38.1453
47.6651,42.8158
40.8797,59.6356
72.1342,55.9319
43.3507,84.1977
88.2382,26.8699
72.251,64.8944
9.43523,43.8432
11.082,16.675
33.162,65.906
30.5959,89.9316
15.742,71.463
94.1713,73.9848
66.4578,29.4322
82.9484,69.5267
73.3532,41.7722
30.0172,4.77265
32.8392,12.0035
63.1701,57.7109
53.9734,97.4719
83.8332,5.41404
30.5304,63.0036
24.2208,92.2096
73.9536,43.6585
4.22965,90.252
31.2829,20.8678
32.3957,91.8447
35.0459,38.513
16.4361,68.9614
98.1248,32.1206
27.9749,93.0448
74.1926,11.1462
69.6693,92.839
25.6419,33.5793
46.8589,30.338
55.1651,90.9209
50.0229,48.6569
70.9488,34.9302
22.3339,57.1008
87.8735,32.0993
87.5336,12.8176
90.759,7.67503
69.8438,79.4971
91.4214,8.34955
58.5968,53.1037
35.1969,3.72838
74.4024,44.1182
69.3416,47.8129
12.2921,19.1408
83.78,31.2509
23.7377,65.8723
21.6298,31.3816
95.6572,53.5418
13.8061,55.1163
52.9892,5.27328
4.97215,51.0192
49.0908,89.8836
54.4381,31.0598
74.12,66.9378
62.6247,20.368
7.41679,16.5168
41.1271,79.8571
65.1301,49.7008
12.9798,20.9967
52.6637,89.8155
26.5311,13.8121
64.9763,5.3001
62.059,66.2555
48.9832,88.0809
64.489,41.5428
30.6731,67.7152
94.4933,5.51239
72.8455,49.986
36.253,81.2755
5.52169,71.9599
3.04954,15.5036
81.8016,88.8623
49.4359,47.1311
17.2934,40.4112
51.3888,87.4564
75.4973,26.3435
1.47994,63.5697
41.9282,15.7478
9.32787,35.3382
44.9875,67.1453
26.8052,18.7217
44.5912,75.8249
37.081,93.7779
94.7674,7.06187
81.0955,42.0857
91.6662,67.0494
25.281,34.9214
27.0078,67.4812
92.5608,29.7445
72.4225,16.889
86.0133,13.0267
49.7237,32.1283
5.59306,1.17286
35.9839,73.3732
40.0453,13.2045
75.333,26.2215
49.275,47.938
36.339,44.6206
57.9105,3.05631
32.598,93.7918
43.5856,37.4433
69.6532,96.3087
21.0539,57.3805
25.4743,32.4178
87.2997,26.6039
53.5906,16.2388
73.6233,39.9943
88.2283,72.2569
90.0407,65.2493
21.0229,14.4138
39.5484,96.4032
77.6115,61.9486
48.1456,5.3765
76.0167,66.3444
12.9096,34.8455
25.8903,17.283
61.8789,14.6941
52.8284,28.4535
96.6048,64.508
72.1562,3.5271
17.7335,9.75036
80.8449,6.99089
16.2753,99.6686
92.3207,66.1251
6.78787,10.5943
24.5069,6.34103
41.8717,53.1623
61.9546,53.7799
92.5631,44.8407
65.5197,19.3306
97.8064,5.35246
77.0883,49.27
6.46145,20.4091
54.0569,20.6298
99.0992,40.1828
8.17977,6.29648
40.1643,92.6485
64.5102,11.9781
66.3765,85.7749
13.1699,86.9774
48.5655,6.1553
39.7191,92.1647
92.7544,46.2792
82.8024,72.2834
60.8942,82.9853
11.0586,67.6927
38.0501,91.6444
91.3616,68.7625
72.6607,35.7173
61.588,77.0195
65.4036,20.0805
34.2534,52.0134
49.3769,99.5646
58.9417,86.2261
28.674,35.8844
45.5125,2.1558
30.2328,50.2512
15.0561,86.8388
76.4782,45.1611
91.1067,22.5364
10.8392,42.7962
94.9602,45.8703
23.5035,45.7206
81.6774,49.61
80.0812,1.29098
96.0817,92.6321
11.5909,30.2345
21.4609,23.8947
13.1573,86.2294
47.8647,8.27116
8.49316,9.6816
99.0502,15.4125
12.1223,19.7968
60.883,4.57616
58.6587,22.2535
45.5387,62.6436
69.4823,63.645
50.9651,19.9043
51.6882,38.7285
68.4335,9.54485
11.6624,22.8561
8.03088,5.91462
21.435,93.0349
38.1137,51.0381
40.6482,51.3348
8.86712,54.0427
92.6679,10.0643
57.651,13.1565
88.811,50.1645
98.9483,86.8089
14.6564,86.256
41.6519,96.1363
90.5675,18.554
36.8121,97.3156
71.7715,13.7063
85.5671,79.3987
32.8354,94.4862
12.2391,62.8998
56.8835,3.97024
86.4504,52.7001
18.0289,79.832
34.5531,33.7946
66.8202,9.82932
74.8946,91.5697
46.7513,9.19279
81.048,65.5131
91.702,80.6839
38.7112,63.6801
38.6423,7.51759
85.1644,74.9449
58.4959,39.0094
64.2285,32.2431
99.6607,44.5516
20.0458,11.4694
4.95907,64.9156
72.5573,20.1763
29.1252,58.078
59.6704,4.51612
88.8342,67.7667
87.8334,80.0703
38.4229,67.105
76.1625,98.4282
33.2991,19.2518
17.021,91.1219
29.3374,62.8009
26.5439,47.4442
82.0672,4.92809
39.0624,54.4581
72.1248,78.934
10.9029,81.2525
21.8959,49.4968
58.6389,3.28631
16.579,66.028
61.3584,57.1625
42.8825,91.3036
61.7301,57.8423
39.6378,65.4776
82.3563,11.7043
58.4099,29.9622
24.4686,10.2995
1.91262,66.4517
34.4622,31.4255
19.2817,5.41115
51.1854,56.1958
28.3133,1.90698
63.2001,67.5135
73.1278,21.76
38.3398,70.2746
19.4554,83.3549
59.1543,54.3086
98.7068,93.9971
4.91749,51.4258
40.0262,80.2875
42.7649,14.6941
88.9319,0.177397
80.4807,56.3663
5.42436,98.6222
77.5935,74.4112
8.71186,67.4581
25.3706,2.55472
76.865,39.5986
46.1896,87.2934
4.9482,88.6851
12.4199,74.8004
16.645,95.5312
19.1862,4.8808
25.4958,79.3002
87.3133,95.4516
57.6136,32.3902
94.7085,44.8514
43.0793,74.9803
20.3718,16.9208
44.4147,74.3632
46.5014,90.087
42.8821,9.4361
1.34635,15.4451
25.293,94.1205
38.5778,50.6717
21.8755,78.1397
48.0581,47.7648
94.2509,12.4694
23.1226,16.8611
46.1483,4.15535
9.59324,87.0519
90.5452,88.8202
60.5633,25.2011
35.0305,17.4572
92.7644,3.70409
66.69,96.3753
32.7204,47.317
32.9398,62.5362
83.449,46.1474
17.798,94.0049
68.398,17.5542
43.1433,22.4167
91.5978,39.2791
85.2975,90.1551
12.9957,8.82588
21.5522,38.7136
91.1109,29.6584
82.4941,91.1248
76.7317,8.04341
27.4734,60.5113
57.5227,11.0246
83.2539,56.454
24.8964,19.1744
43.1586,6.14931
57.5828,32.1861
72.2642,44.6306
82.8878,55.4428
43.4013,16.4084
34.649,18.1639
31.2212,35.31
56.1593,88.1689
27.5774,87.648
19.188,22.966
80.8857,39.5565
72.9806,32.9427
55.0837,18.1267
5.15357,75.2001
42.6009,35.4099
21.9897,34.3902
71.4397,70.9836
29.7317,53.4835
11.7795,89.198
81.9079,75.0421
49.5233,7.64941
59.466,51.8715
49.9106,78.7764
32.606,74.7823
54.7956,74.3884
71.9631,36.9002
98.9782,49.133
13.2234,24.29
60.8751,59.4054
45.0575,78.7556
49.0659,22.1563
12.796,18.6186
22.7003,55.1048
37.9191,41.6017
80.2097,84.3319
48.214,20.6997
63.8601,7.1688
96.1239,18.8191
11.6536,10.5782
92.9422,4.26001
64.8892,32.2104
15.1504,18.4837
55.4594,45.8637
13.118,78.9362
41.3612,53.0644
42.8696,74.2667
19.2112,89.3568
45.9294,93.2219
34.6699,26.625
57.8819,75.6242
72.0658,50.0394
62.8767,67.9231
64.3111,13.123
40.1578,89.683
90.065,35.3016
14.3172,55.3185
27.8907,54.453
63.695,26.3386
54.6828,73.3152
5.57449,98.0362
41.4975,40.5274
18.2925,76.3472
2.27297,29.7299
77.0451,96.7309
4.55608,81.3649
63.268,37.3446
17.9853,68.5494
55.6914,70.4774
22.0952,25.2612
2.68366,99.0599
6.01978,88.5581
58.1945,23.8348
8.69305,37.7932
80.2944,46.2491
40.1351,43.3242
83.7624,47.8213
20.6875,15.6946
85.0851,49.8938
86.8834,0.863324
87.0654,89.0114
97.0538,56.0988
71.879,39.2484
75.2502,16.258
50.6209,69.9462
98.8016,8.33636
0.854246,36.1871
69.4923,72.884
12.6924,95.2732
87.3331,98.6523
23.8435,10.3871
25.1975,37.8961
41.2709,6.88683
97.0042,2.18033
74.6231,28.504
49.7547,22.9174
47.902,71.7404
55.4502,88.9545
90.9877,3.32432
14.4314,42.4184
37.1224,99.3304
87.9343,3.64363
87.0453,34.4296
15.4425,84.8524
39.9858,45.4109
20.366,26.967
41.7286,53.9635
83.5305,8.53676
45.5209,65.9297
44.6236,32.5808
50.8289,22.5629
24.8227,26.5777
49.3344,7.79747
46.2657,79.3536
73.0813,54.9954
94.5717,43.5061
92.2892,24.2191
55.2318,29.8953
90.2282,36.1013
4.61388,28.8827
84.4422,17.424
63.9491,83.9821
47.55,37.4121
56.0137,80.5219
39.4034,53.58
55.5752,93.9797
61.6868,96.5516
17.53,43.7278
13.8377,8.70513
39.4653,49.1159
21.3952,41.8287
92.5424,6.82112
2.82194,67.3667
33.3876,58.4047
67.0004,24.5431
60.9338,7.02082
7.64854,44.6303
61.0577,71.2214
71.7258,22.9695
72.2526,63.722
10.4669,58.2079
72.3047,1.15393
41.6141,52.3713
24.8078,9.75438
74.8523,34.1673
84.9418,15.7469
77.0863,21.5741
61.2126,68.1631
58.013,34.1281
79.0579,44.3616
64.1824,46.5662
68.2149,68.5582
98.1529,52.1251
0.926229,46.7373
97.8026,5.06452
3.44166,22.0675
30.8074,98.9356
75.9571,77.974
38.2849,54.8335
60.094,57.6289
1.33941,45.9975
17.9527,67.2838
32.5096,79.1144
67.3118,60.3623
71.8718,56.6551
73.957,64.1621
27.6858,33.3018
53.8071,32.4525
54.5694,70.073
85.3687,18.5425
12.4222,90.3904
10.3523,70.5504
48.8359,66.2882
66.6024,75.9843
23.9851,87.6909
33.7082,20.9924
32.5489,16.2111
38.2472,46.203
94.2795,29.7973
7.16506,56.4759
8.26753,60.1086
99.3387,61.2476
73.845,2.86015
75.6628,16.4574
85.694,74.6711
14.9904,18.1448
20.499,99.8466
84.6844,43.4762
37.9636,79.9223
97.3885,55.9316
48.0616,30.2065
88.4553,67.7713
8.70461,91.8241
50.2874,65.1194
14.5135,91.7991
75.7077,27.5458
44.2342,12.3212
56.2422,54.8273
62.1206,40.1888
27.4451,27.1562
28.3579,32.6418
10.3256,83.3269
39.2332,84.1462
72.9409,90.5091
17.9406,59.1913
46.7452,33.7293
56.4035,0.183629
71.3325,40.4058
68.4374,53.4878
35.8126,7.57924
53.8656,18.0226
8.83628,49.9521
32.6375,23.0339
59.8504,75.8447
21.3383,11.9952
92.1867,60.5314
13.0046,25.6402
7.59683,55.858
1.04728,54.5465
54.65,48.9471
8.92118,20.4355
55.1198,73.2634
70.4605,95.2525
42.6593,35.1206
49.5135,68.4826
79.946,87.666
81.2854,94.7795
16.0472,0.740578
38.7937,17.7441
67.5724,25.6387
67.5589,47.6631
80.6928,77.5804
59.1827,25.2398
19.499,22.4466
97.9965,6.98622
42.2889,23.1905
76.5978,93.2562
42.464,9.88283
47.0763,82.0547
78.6992,95.8953
97.3962,82.4847
20.8303,47.4436
29.4378,44.3842
13.2316,37.6142
78.9338,39.0102
90.2248,74.3114
62.3341,91.5181
37.1685,2.77321
4.8263,75.3298
56.4839,25.4313
30.5004,94.0191
93.57,67.8101
91.8907,1.88676
59.1648,97.7961
35.7505,24.3227
61.9802,41.9436
70.681,60.4852
27.4304,68.0917
55.8245,71.4143
61.6878,98.3215
48.1258,86.7723
50.4068,82.0039
9.11469,23.9425
13.4321,95.5679
63.2899,99.1899
72.5426,38.6561
28.8251,64.3465
97.8525,55.1346
14.0784,98.9304
32.8434,42.9969
9.2003,2.16525
84.9049,27.5717
39.5716,33.1618
52.2101,27.8914
52.4819,73.5782
77.0564,12.1021
21.447,41.2832
16.392,13.6276
98.4999,21.6674
42.3023,85.1076
92.3493,48.3493
9.57645,44.7368
89.3415,70.3032
25.1305,39.8658
98.0352,69.3052