1	1,1 48,69
1	1,1 62,84
1	1,1 75,96
1	1,1 90,85
1	1,1 70,62
1	1,1 97,81
1	1,1 71,85
1	1,1 44,100
1	1,1 65,76
1	1,1 7,96
1	1,1 82,81
1	1,1 56,94
1	1,1 39,99
1	1,1 11,86
1	1,1 53,85
1	1,1 98,91
1	1,1 71,98
1	1,1 64,78
1	1,1 11,86
1	1,1 38,91
1	1,1 89,75
1	1,1 40,80
1	1,1 58,95
1	1,1 12,92
1	1,1 29,79
1	1,1 96,91
1	1,1 50,71
1	1,1 85,67
1	1,1 24,96
1	1,1 54,53
1	1,1 9,99
1	1,1 45,91
1	1,1 68,90
1	1,1 7,98
1	1,1 26,72
1	1,1 8,91
2	2,1 24,39
2	2,1 29,51
2	2,1 16,77
2	2,1 13,78
2	2,1 6,16
2	2,1 36,50
2	2,1 14,13
2	2,1 5,16
2	2,1 11,40
2	2,1 10,41
2	2,1 6,55
2	2,1 39,54
2	2,1 11,10
2	2,1 29,44
2	2,1 2,13
2	2,1 13,42
2	2,1 22,34
2	2,1 3,16
3	3,1 46,21
3	3,1 58,33
3	3,1 43,20
3	3,1 41,12
3	3,1 29,18
3	3,1 43,22
3	3,1 31,5
3	3,1 57,13
3	3,1 66,3
3	3,1 56,26
3	3,1 71,39
3	3,1 47,53
3	3,1 44,22
3	3,1 38,8
3	3,1 68,9
3	3,1 59,37
3	3,1 55,43
3	3,1 40,41
3	3,1 67,27
3	3,1 43,39
3	3,1 58,6
3	3,1 36,30
3	3,1 60,6
3	3,1 64,11
3	3,1 65,11
3	3,1 57,47
4	4,1 93,48
4	4,1 97,35
4	4,1 88,39
4	4,1 96,0
4	4,1 93,22
4	4,1 78,51
4	4,1 90,62
4	4,1 100,37
4	4,1 83,14
4	4,1 96,44
4	4,1 81,47
4	4,1 86,8
4	4,1 71,47
4	4,1 93,7
4	4,1 86,32
4	4,1 98,24
4	4,1 90,59
4	4,1 92,12
4	4,1 91,43
4	4,1 94,32
