1	1,1,45.5387,62.6436
1	1,1,39.5768,66.4929
1	1,1,53.9734,97.4719
1	1,1,30.5304,63.0036
1	1,1,33.3876,58.4047
1	1,1,38.2472,46.203
1	1,1,30.2328,50.2512
1	1,1,58.9417,86.2261
1	1,1,49.3769,99.5646
1	1,1,34.2534,52.0134
1	1,1,61.588,77.0195
1	1,1,60.8942,82.9853
1	1,1,48.8359,66.2882
1	1,1,55.1651,90.9209
1	1,1,50.0229,48.6569
1	1,1,45.4464,72.174
1	1,1,61.0577,71.2214
1	1,1,50.4068,82.0039
1	1,1,54.5694,70.073
1	1,1,48.1258,86.7723
1	1,1,61.9546,53.7799
1	1,1,41.8717,53.1623
1	1,1,58.5968,53.1037
1	1,1,67.3118,60.3623
1	1,1,41.6141,52.3713
1	1,1,54.8209,41.5093
1	1,1,61.9681,76.1578
1	1,1,40.6355,73.8366
1	1,1,60.094,57.6289
1	1,1,38.2849,54.8335
1	1,1,50.0052,52.2239
1	1,1,49.275,47.938
1	1,1,35.9839,73.3732
1	1,1,44.9032,90.4516
1	1,1,49.0908,89.8836
1	1,1,39.9858,45.4109
1	1,1,57.7366,84.4073
1	1,1,44.5912,75.8249
1	1,1,44.9875,67.1453
1	1,1,51.3888,87.4564
1	1,1,49.4359,47.1311
1	1,1,41.1271,79.8571
1	1,1,65.1301,49.7008
1	1,1,64.1824,46.5662
1	1,1,55.8245,71.4143
1	1,1,52.6637,89.8155
1	1,1,48.9832,88.0809
1	1,1,62.059,66.2555
1	1,1,61.2126,68.1631
1	1,1,41.7286,53.9635
1	1,1,54.6828,73.3152
1	1,1,69.5615,49.0072
1	1,1,62.5614,49.7042
1	1,1,27.8907,54.453
1	1,1,57.2567,42.8645
1	1,1,47.0763,82.0547
1	1,1,29.2755,49.9015
1	1,1,65.0683,63.061
1	1,1,52.2369,44.0446
1	1,1,34.9789,58.7765
1	1,1,34.8562,51.2032
1	1,1,62.8767,67.9231
1	1,1,56.3988,55.2793
1	1,1,49.5135,68.4826
1	1,1,59.9593,68.7147
1	1,1,59.1081,53.0242
1	1,1,41.2652,85.1489
1	1,1,57.0797,70.5478
1	1,1,61.0453,49.8675
1	1,1,57.8819,75.6242
1	1,1,45.5209,65.9297
1	1,1,31.6908,56.3225
1	1,1,50.0473,45.5434
1	1,1,45.9294,93.2219
1	1,1,56.6212,64.8259
1	1,1,42.8696,74.2667
1	1,1,49.6932,37.7311
1	1,1,41.3612,53.0644
1	1,1,55.4594,45.8637
1	1,1,50.2702,41.2713
1	1,1,50.6209,69.9462
1	1,1,41.7674,75.0136
1	1,1,49.3878,63.9893
1	1,1,46.2657,79.3536
1	1,1,59.9061,55.9189
1	1,1,55.7279,55.2746
1	1,1,46.1733,59.8133
1	1,1,52.4819,73.5782
1	1,1,61.7788,79.7666
1	1,1,55.1198,73.2634
1	1,1,57.9345,83.2069
1	1,1,63.1701,57.7109
1	1,1,49.4105,64.5314
1	1,1,33.5485,64.6174
1	1,1,48.0132,67.7028
1	1,1,40.0603,68.1384
1	1,1,54.9056,56.8752
1	1,1,42.5571,59.6651
1	1,1,50.5429,75.8735
1	1,1,42.9362,77.0508
1	1,1,36.9538,70.3409
1	1,1,62.7826,54.045
1	1,1,55.9512,73.9329
1	1,1,45.0575,78.7556
1	1,1,59.0888,53.5505
1	1,1,60.8751,59.4054
1	1,1,54.65,48.9471
1	1,1,54.7956,74.3884
1	1,1,63.1866,78.3197
1	1,1,49.9106,78.7764
1	1,1,59.466,51.8715
1	1,1,29.7317,53.4835
1	1,1,56.3108,43.2636
1	1,1,56.1593,88.1689
1	1,1,40.1351,43.3242
1	1,1,67.5589,47.6631
1	1,1,59.8504,75.8447
1	1,1,56.7063,43.6663
1	1,1,61.5952,53.043
1	1,1,68.4374,53.4878
1	1,1,32.9398,62.5362
1	1,1,42.3023,85.1076
1	1,1,47.902,71.7404
1	1,1,56.8776,73.7316
1	1,1,48.0581,47.7648
1	1,1,52.279,88.1641
1	1,1,38.5778,50.6717
1	1,1,50.0548,78.0486
1	1,1,46.5014,90.087
1	1,1,44.4147,74.3632
1	1,1,43.0793,74.9803
1	1,1,54.0035,99.6734
1	1,1,56.0137,80.5219
1	1,1,36.5066,73.9106
1	1,1,46.1896,87.2934
1	1,1,39.4034,53.58
1	1,1,55.5752,93.9797
1	1,1,40.0262,80.2875
1	1,1,69.2253,51.241
1	1,1,59.1543,54.3086
1	1,1,51.5765,49.3514
1	1,1,38.3398,70.2746
1	1,1,63.2001,67.5135
1	1,1,51.1854,56.1958
1	1,1,39.6378,65.4776
1	1,1,61.7301,57.8423
1	1,1,42.2609,44.6796
1	1,1,61.3584,57.1625
1	1,1,56.2422,54.8273
1	1,1,55.4502,88.9545
1	1,1,39.0624,54.4581
1	1,1,55.6127,46.5872
1	1,1,38.4229,67.105
1	1,1,50.7713,60.7941
1	1,1,29.1252,58.078
1	1,1,50.2874,65.1194
1	1,1,47.6651,42.8158
1	1,1,58.012,77.9059
1	1,1,38.7112,63.6801
1	1,1,55.6914,70.4774
1	1,1,40.8797,59.6356
1	1,1,49.9881,68.1546
1	1,1,43.3507,84.1977
1	1,1,39.4653,49.1159
1	1,1,47.4144,96.9481
1	1,1,33.162,65.906
1	1,1,48.6017,58.2211
1	1,1,40.6482,51.3348
1	1,1,38.1137,51.0381
1	1,1,51.6882,38.7285
2	2,1,23.8435,10.3871
2	2,1,42.6593,35.1206
2	2,1,39.5011,12.4921
2	2,1,19.1862,4.8808
2	2,1,49.3344,7.79747
2	2,1,29.9637,48.084
2	2,1,48.7094,1.50822
2	2,1,27.5657,7.26445
2	2,1,14.4314,42.4184
2	2,1,11.6536,10.5782
2	2,1,20.2431,1.98583
2	2,1,9.38915,29.8854
2	2,1,27.3005,35.7389
2	2,1,9.34444,45.6231
2	2,1,21.3785,32.68
2	2,1,5.30372,3.78584
2	2,1,23.306,44.2792
2	2,1,15.1692,25.9423
2	2,1,42.251,32.4363
2	2,1,20.7344,26.9964
2	2,1,9.57645,44.7368
2	2,1,46.4431,18.8691
2	2,1,22.1162,22.506
2	2,1,17.8284,15.2863
2	2,1,25.3706,2.55472
2	2,1,22.0952,25.2612
2	2,1,35.904,35.5902
2	2,1,42.464,9.88283
2	2,1,8.48897,29.6859
2	2,1,41.4745,1.14607
2	2,1,15.1072,27.5116
2	2,1,42.2889,23.1905
2	2,1,25.1305,39.8658
2	2,1,22.7122,5.24678
2	2,1,29.2244,5.81115
2	2,1,2.40757,38.9717
2	2,1,38.6423,7.51759
2	2,1,42.7649,14.6941
2	2,1,6.75329,43.7931
2	2,1,5.96326,30.3261
2	2,1,7.6048,17.5959
2	2,1,46.2641,36.8122
2	2,1,14.9904,18.1448
2	2,1,30.0172,4.77265
2	2,1,39.6432,21.1462
2	2,1,14.1207,11.5681
2	2,1,25.131,47.7725
2	2,1,48.214,20.6997
2	2,1,1.193,15.515
2	2,1,13.2741,39.4934
2	2,1,12.0461,24.8814
2	2,1,37.6945,44.0738
2	2,1,15.2187,14.3852
2	2,1,45.2696,28.4815
2	2,1,3.08475,48.5608
2	2,1,37.9191,41.6017
2	2,1,46.7513,9.19279
2	2,1,5.76053,16.674
2	2,1,21.8721,29.6182
2	2,1,19.499,22.4466
2	2,1,28.3579,32.6418
2	2,1,48.0616,30.2065
2	2,1,16.1389,22.3458
2	2,1,2.52663,11.5159
2	2,1,26.5524,43.1274
2	2,1,24.0631,37.5184
2	2,1,1.28186,11.0564
2	2,1,28.3133,1.90698
2	2,1,39.5716,33.1618
2	2,1,12.9027,39.0542
2	2,1,12.796,18.6186
2	2,1,34.5531,33.7946
2	2,1,20.4361,49.6005
2	2,1,19.2817,5.41115
2	2,1,13.8844,40.0697
2	2,1,6.72995,8.6198
2	2,1,49.0659,22.1563
2	2,1,12.1223,19.7968
2	2,1,46.725,9.0839
2	2,1,8.49316,9.6816
2	2,1,47.8647,8.27116
2	2,1,20.6875,15.6946
2	2,1,21.4609,23.8947
2	2,1,11.5909,30.2345
2	2,1,26.6643,10.6532
2	2,1,14.2905,19.1428
2	2,1,9.11469,23.9425
2	2,1,23.5035,45.7206
2	2,1,34.4622,31.4255
2	2,1,10.8392,42.7962
2	2,1,32.5489,16.2111
2	2,1,33.7082,20.9924
2	2,1,31.2829,20.8678
2	2,1,25.5014,33.6304
2	2,1,45.5125,2.1558
2	2,1,28.674,35.8844
2	2,1,33.5708,40.7749
2	2,1,6.3983,20.2598
2	2,1,3.84876,21.9183
2	2,1,35.0459,38.513
2	2,1,24.4686,10.2995
2	2,1,44.0502,20.4134
2	2,1,45.217,30.2717
2	2,1,25.6419,33.5793
2	2,1,46.8589,30.338
2	2,1,13.2234,24.29
2	2,1,22.7675,2.44181
2	2,1,13.5825,37.7518
2	2,1,27.4451,27.1562
2	2,1,48.5655,6.1553
2	2,1,43.873,13.9318
2	2,1,39.22,25.9665
2	2,1,7.64854,44.6303
2	2,1,22.2393,40.6772
2	2,1,8.17977,6.29648
2	2,1,21.447,41.2832
2	2,1,2.13716,25.7413
2	2,1,6.46145,20.4091
2	2,1,49.5233,7.64941
2	2,1,49.7547,22.9174
2	2,1,27.6858,33.3018
2	2,1,32.9624,46.5335
2	2,1,37.1685,2.77321
2	2,1,32.8392,12.0035
2	2,1,24.5069,6.34103
2	2,1,6.78787,10.5943
2	2,1,2.27297,29.7299
2	2,1,45.4674,0.727831
2	2,1,38.0067,10.3397
2	2,1,17.7335,9.75036
2	2,1,21.9897,34.3902
2	2,1,23.955,8.06255
2	2,1,35.1969,3.72838
2	2,1,42.6009,35.4099
2	2,1,25.8903,17.283
2	2,1,12.9096,34.8455
2	2,1,20.8303,47.4436
2	2,1,48.1456,5.3765
2	2,1,4.61388,28.8827
2	2,1,12.2921,19.1408
2	2,1,21.0229,14.4138
2	2,1,11.463,15.9393
2	2,1,12.3796,2.90867
2	2,1,1.33941,45.9975
2	2,1,13.0046,25.6402
2	2,1,19.188,22.966
2	2,1,25.4743,32.4178
2	2,1,24.8078,9.75438
2	2,1,46.3244,22.7674
2	2,1,43.5856,37.4433
2	2,1,21.6298,31.3816
2	2,1,27.1414,39.2467
2	2,1,36.339,44.6206
2	2,1,8.03088,5.91462
2	2,1,35.7505,24.3227
2	2,1,40.0453,13.2045
2	2,1,31.2212,35.31
2	2,1,5.59306,1.17286
2	2,1,49.7237,32.1283
2	2,1,3.44166,22.0675
2	2,1,34.649,18.1639
2	2,1,41.4975,40.5274
2	2,1,43.4013,16.4084
2	2,1,25.281,34.9214
2	2,1,21.8959,49.4968
2	2,1,0.926229,46.7373
2	2,1,22.7517,20.1145
2	2,1,16.392,13.6276
2	2,1,21.3383,11.9952
2	2,1,26.8052,18.7217
2	2,1,43.1586,6.14931
2	2,1,9.32787,35.3382
2	2,1,41.9282,15.7478
2	2,1,7.41679,16.5168
2	2,1,20.366,26.967
2	2,1,24.8964,19.1744
2	2,1,17.2934,40.4112
2	2,1,34.0035,8.42474
2	2,1,2.26493,41.1531
2	2,1,3.04954,15.5036
2	2,1,11.6624,22.8561
2	2,1,9.43523,43.8432
2	2,1,32.6375,23.0339
2	2,1,8.69305,37.7932
2	2,1,12.9798,20.9967
2	2,1,8.83628,49.9521
2	2,1,21.5522,38.7136
2	2,1,12.9957,8.82588
2	2,1,21.1003,13.8306
2	2,1,26.5311,13.8121
2	2,1,9.2003,2.16525
2	2,1,43.1433,22.4167
2	2,1,16.0472,0.740578
2	2,1,20.9469,18.9845
2	2,1,29.9808,7.21416
2	2,1,35.8126,7.57924
2	2,1,44.2342,12.3212
2	2,1,26.5439,47.4442
2	2,1,11.082,16.675
2	2,1,40.1368,0.852228
2	2,1,10.4266,43.8088
2	2,1,41.2709,6.88683
2	2,1,32.7204,47.317
2	2,1,38.2485,32.2382
2	2,1,46.1718,24.1885
2	2,1,17.53,43.7278
2	2,1,32.8434,42.9969
2	2,1,35.0305,17.4572
2	2,1,49.5337,35.9417
2	2,1,47.55,37.4121
2	2,1,33.2991,19.2518
2	2,1,25.1975,37.8961
2	2,1,19.8274,29.8416
2	2,1,46.1483,4.15535
2	2,1,23.4687,36.7191
2	2,1,0.854246,36.1871
2	2,1,23.1226,16.8611
2	2,1,46.7452,33.7293
2	2,1,36.2971,0.396832
2	2,1,29.4378,44.3842
2	2,1,38.7937,17.7441
2	2,1,42.8839,19.6443
2	2,1,49.9445,30.8596
2	2,1,24.5774,11.6761
2	2,1,21.9141,17.7727
2	2,1,1.34635,15.4451
2	2,1,46.4072,39.0277
2	2,1,42.8821,9.4361
2	2,1,21.3952,41.8287
2	2,1,13.8377,8.70513
2	2,1,34.6699,26.625
2	2,1,5.18022,4.58869
2	2,1,20.3718,16.9208
2	2,1,44.6236,32.5808
2	2,1,7.15818,7.42769
2	2,1,13.2316,37.6142
2	2,1,26.5592,38.1453
2	2,1,1.50194,21.9498
2	2,1,20.0458,11.4694
2	2,1,16.7526,25.9452
2	2,1,45.153,7.04047
2	2,1,8.92118,20.4355
2	2,1,20.8486,46.5327
2	2,1,15.1504,18.4837
2	2,1,24.8227,26.5777
3	3,1,83.1979,57.4997
3	3,1,93.0453,49.9045
3	3,1,93.7541,95.4877
3	3,1,87.3331,98.6523
3	3,1,73.4481,55.2227
3	3,1,69.4923,72.884
3	3,1,86.3533,89.5569
3	3,1,92.0609,93.0307
3	3,1,83.5533,78.705
3	3,1,76.5978,93.2562
3	3,1,80.0253,59.4928
3	3,1,71.4933,81.185
3	3,1,99.3786,56.0875
3	3,1,97.0538,56.0988
3	3,1,87.0654,89.0114
3	3,1,87.825,77.4976
3	3,1,80.6928,77.5804
3	3,1,93.4658,72.1708
3	3,1,74.7848,97.6871
3	3,1,80.2789,58.2773
3	3,1,74.771,98.2758
3	3,1,74.2828,80.898
3	3,1,77.0451,96.7309
3	3,1,92.8267,74.7041
3	3,1,76.1349,81.2734
3	3,1,96.0487,73.8135
3	3,1,81.2854,94.7795
3	3,1,94.0469,88.4024
3	3,1,97.79,81.3033
3	3,1,79.946,87.666
3	3,1,65.6892,80.5385
3	3,1,70.9054,80.6188
3	3,1,80.2144,84.1747
3	3,1,63.7199,97.3356
3	3,1,73.8237,67.3188
3	3,1,85.3908,76.7851
3	3,1,85.6719,80.7566
3	3,1,81.3918,68.8179
3	3,1,77.253,87.0163
3	3,1,87.5974,56.7652
3	3,1,78.94,90.3352
3	3,1,74.4407,59.589
3	3,1,70.4605,95.2525
3	3,1,80.4521,62.709
3	3,1,96.3722,94.3752
3	3,1,75.6749,88.177
3	3,1,86.1826,94.8849
3	3,1,85.9728,79.9338
3	3,1,91.2801,93.4023
3	3,1,93.2793,50.5217
3	3,1,80.2097,84.3319
3	3,1,83.4282,56.4673
3	3,1,64.924,88.2426
3	3,1,94.5332,80.4773
3	3,1,87.3922,70.3593
3	3,1,80.8525,86.5512
3	3,1,89.4136,60.8755
3	3,1,96.1206,59.4459
3	3,1,98.9782,49.133
3	3,1,81.9079,75.0421
3	3,1,71.4397,70.9836
3	3,1,82.8878,55.4428
3	3,1,92.1867,60.5314
3	3,1,83.2539,56.454
3	3,1,82.4941,91.1248
3	3,1,85.2975,90.1551
3	3,1,66.69,96.3753
3	3,1,90.5452,88.8202
3	3,1,72.9409,90.5091
3	3,1,87.3133,95.4516
3	3,1,77.5935,74.4112
3	3,1,80.4807,56.3663
3	3,1,98.7068,93.9971
3	3,1,97.8525,55.1346
3	3,1,72.1248,78.934
3	3,1,76.1625,98.4282
3	3,1,87.8334,80.0703
3	3,1,88.8342,67.7667
3	3,1,84.0189,85.9977
3	3,1,88.4553,67.7713
3	3,1,85.1644,74.9449
3	3,1,91.702,80.6839
3	3,1,81.048,65.5131
3	3,1,74.8946,91.5697
3	3,1,86.4504,52.7001
3	3,1,97.3885,55.9316
3	3,1,85.5671,79.3987
3	3,1,89.3415,70.3032
3	3,1,98.9483,86.8089
3	3,1,88.811,50.1645
3	3,1,85.694,74.6711
3	3,1,63.2899,99.1899
3	3,1,69.4823,63.645
3	3,1,99.3387,61.2476
3	3,1,96.0817,92.6321
3	3,1,66.6024,75.9843
3	3,1,91.3616,68.7625
3	3,1,82.8024,72.2834
3	3,1,66.3765,85.7749
3	3,1,73.957,64.1621
3	3,1,92.3207,66.1251
3	3,1,71.8718,56.6551
3	3,1,96.6048,64.508
3	3,1,76.0167,66.3444
3	3,1,77.6115,61.9486
3	3,1,90.0407,65.2493
3	3,1,88.2283,72.2569
3	3,1,69.6532,96.3087
3	3,1,75.9571,77.974
3	3,1,98.0352,69.3052
3	3,1,61.6878,98.3215
3	3,1,91.6662,67.0494
3	3,1,98.1529,52.1251
3	3,1,68.2149,68.5582
3	3,1,81.8016,88.8623
3	3,1,70.681,60.4852
3	3,1,74.12,66.9378
3	3,1,95.6572,53.5418
3	3,1,59.1648,97.7961
3	3,1,69.8438,79.4971
3	3,1,72.2526,63.722
3	3,1,69.6693,92.839
3	3,1,93.57,67.8101
3	3,1,82.9484,69.5267
3	3,1,94.1713,73.9848
3	3,1,72.251,64.8944
3	3,1,72.1342,55.9319
3	3,1,68.7671,92.0383
3	3,1,98.6741,88.7383
3	3,1,61.6868,96.5516
3	3,1,73.0444,84.9022
3	3,1,63.9491,83.9821
3	3,1,78.6067,50.9695
3	3,1,72.9708,98.9576
3	3,1,78.0207,82.7037
3	3,1,62.3341,91.5181
3	3,1,69.3303,72.7494
3	3,1,86.9161,68.2284
3	3,1,90.2248,74.3114
3	3,1,68.5398,70.2516
3	3,1,97.5496,90.3594
3	3,1,73.0813,54.9954
3	3,1,94.398,77.4231
3	3,1,68.5488,74.3697
3	3,1,84.9634,67.4614
3	3,1,89.0314,79.655
3	3,1,78.8944,55.9453
3	3,1,88.7937,88.4701
3	3,1,72.0789,68.8074
3	3,1,80.6653,67.065
3	3,1,85.7876,77.075
3	3,1,57.0426,97.8705
3	3,1,97.3962,82.4847
3	3,1,78.6992,95.8953
3	3,1,75.5985,90.3231
3	3,1,63.9698,85.5572
3	3,1,62.6923,85.4498
3	3,1,96.6687,86.674
4	4,1,13.1573,86.2294
4	4,1,2.82194,67.3667
4	4,1,8.26753,60.1086
4	4,1,13.4321,95.5679
4	4,1,21.435,93.0349
4	4,1,8.86712,54.0427
4	4,1,20.499,99.8466
4	4,1,11.2437,98.6493
4	4,1,14.6564,86.256
4	4,1,1.04313,95.9822
4	4,1,15.742,71.463
4	4,1,30.5959,89.9316
4	4,1,41.6519,96.1363
4	4,1,36.8121,97.3156
4	4,1,37.9636,79.9223
4	4,1,37.1224,99.3304
4	4,1,32.8354,94.4862
4	4,1,12.2391,62.8998
4	4,1,30.6677,91.0143
4	4,1,18.0289,79.832
4	4,1,8.70461,91.8241
4	4,1,4.95907,64.9156
4	4,1,14.5135,91.7991
4	4,1,4.55608,81.3649
4	4,1,17.021,91.1219
4	4,1,7.98983,53.1419
4	4,1,29.3374,62.8009
4	4,1,10.9029,81.2525
4	4,1,2.78401,83.2361
4	4,1,17.9853,68.5494
4	4,1,16.579,66.028
4	4,1,2.68366,99.0599
4	4,1,42.8825,91.3036
4	4,1,39.351,92.1393
4	4,1,1.91262,66.4517
4	4,1,19.4554,83.3549
4	4,1,4.91749,51.4258
4	4,1,29.6254,91.0807
4	4,1,10.5736,99.3372
4	4,1,10.3256,83.3269
4	4,1,5.42436,98.6222
4	4,1,8.71186,67.4581
4	4,1,39.2332,84.1462
4	4,1,4.9482,88.6851
4	4,1,14.4112,73.9166
4	4,1,12.4199,74.8004
4	4,1,16.645,95.5312
4	4,1,25.4958,79.3002
4	4,1,17.9406,59.1913
4	4,1,25.293,94.1205
4	4,1,21.8755,78.1397
4	4,1,9.59324,87.0519
4	4,1,14.0784,98.9304
4	4,1,1.26906,54.5369
4	4,1,4.8263,75.3298
4	4,1,17.798,94.0049
4	4,1,23.3852,99.8829
4	4,1,27.4734,60.5113
4	4,1,27.5774,87.648
4	4,1,7.59683,55.858
4	4,1,1.04728,54.5465
4	4,1,24.0096,71.6109
4	4,1,4.95224,82.6444
4	4,1,5.15357,75.2001
4	4,1,11.7795,89.198
4	4,1,20.3216,71.6795
4	4,1,32.606,74.7823
4	4,1,36.3128,83.0938
4	4,1,6.01978,88.5581
4	4,1,16.6712,82.5695
4	4,1,4.18723,77.6547
4	4,1,18.8139,82.122
4	4,1,13.541,96.4847
4	4,1,27.9992,69.0421
4	4,1,29.0281,73.6554
4	4,1,3.27874,70.4016
4	4,1,24.8183,81.9071
4	4,1,3.86601,97.6637
4	4,1,22.7003,55.1048
4	4,1,4.88511,80.8352
4	4,1,28.2443,96.1693
4	4,1,14.2327,53.3585
4	4,1,10.2228,97.6361
4	4,1,16.9168,73.266
4	4,1,11.6308,89.81
4	4,1,34.3607,94.3734
4	4,1,16.7135,68.2909
4	4,1,32.0076,76.375
4	4,1,28.1182,73.8342
4	4,1,17.8476,99.006
4	4,1,22.4272,78.8924
4	4,1,8.68702,95.4202
4	4,1,25.0142,73.1763
4	4,1,15.7117,55.173
4	4,1,29.9709,68.5113
4	4,1,10.036,51.1176
4	4,1,17.9169,89.4775
4	4,1,13.9392,54.9843
4	4,1,13.118,78.9362
4	4,1,0.814337,94.4858
4	4,1,26.501,73.5464
4	4,1,0.696878,71.0467
4	4,1,19.2112,89.3568
4	4,1,24.9992,69.0303
4	4,1,6.97875,58.8254
4	4,1,38.3742,85.8769
4	4,1,5.59032,87.6374
4	4,1,11.8467,90.7612
4	4,1,3.87629,97.622
4	4,1,26.6862,73.258
4	4,1,24.0096,63.2938
4	4,1,18.2074,60.2167
4	4,1,25.1015,70.6707
4	4,1,22.7582,98.6739
4	4,1,13.5328,90.9734
4	4,1,40.1578,89.683
4	4,1,12.6924,95.2732
4	4,1,8.79607,81.6015
4	4,1,28.56,88.0174
4	4,1,14.3172,55.3185
4	4,1,36.4508,82.5453
4	4,1,32.0465,78.6509
4	4,1,5.57449,98.0362
4	4,1,29.5811,96.0507
4	4,1,15.4425,84.8524
4	4,1,15.9471,66.6766
4	4,1,23.7431,90.6251
4	4,1,30.0509,93.783
4	4,1,27.4304,68.0917
4	4,1,30.6731,67.7152
4	4,1,36.253,81.2755
4	4,1,5.52169,71.9599
4	4,1,1.47994,63.5697
4	4,1,18.2925,76.3472
4	4,1,4.6194,70.1394
4	4,1,37.081,93.7779
4	4,1,27.0078,67.4812
4	4,1,4.97215,51.0192
4	4,1,30.8074,98.9356
4	4,1,13.8061,55.1163
4	4,1,25.0765,65.085
4	4,1,32.598,93.7918
4	4,1,23.7377,65.8723
4	4,1,21.0539,57.3805
4	4,1,39.5484,96.4032
4	4,1,17.9527,67.2838
4	4,1,44.0738,96.7802
4	4,1,32.5096,79.1144
4	4,1,16.2753,99.6686
4	4,1,10.4669,58.2079
4	4,1,12.009,60.7472
4	4,1,4.12164,95.3741
4	4,1,12.4222,90.3904
4	4,1,40.1643,92.6485
4	4,1,22.3339,57.1008
4	4,1,10.3523,70.5504
4	4,1,13.1699,86.9774
4	4,1,39.7191,92.1647
4	4,1,11.0586,67.6927
4	4,1,38.0501,91.6444
4	4,1,17.64,59.3056
4	4,1,28.8251,64.3465
4	4,1,27.9749,93.0448
4	4,1,30.5004,94.0191
4	4,1,16.4361,68.9614
4	4,1,23.9851,87.6909
4	4,1,32.3957,91.8447
4	4,1,15.0561,86.8388
4	4,1,4.22965,90.252
4	4,1,7.16506,56.4759
4	4,1,24.2208,92.2096
5	5,1,72.4225,16.889
5	5,1,92.3493,48.3493
5	5,1,98.4999,21.6674
5	5,1,77.0564,12.1021
5	5,1,52.2101,27.8914
5	5,1,84.9049,27.5717
5	5,1,72.5426,38.6561
5	5,1,61.9802,41.9436
5	5,1,91.8907,1.88676
5	5,1,56.4839,25.4313
5	5,1,78.9338,39.0102
5	5,1,97.9965,6.98622
5	5,1,59.1827,25.2398
5	5,1,67.5724,25.6387
5	5,1,53.8656,18.0226
5	5,1,71.3325,40.4058
5	5,1,56.4035,0.183629
5	5,1,62.1206,40.1888
5	5,1,75.7077,27.5458
5	5,1,84.6844,43.4762
5	5,1,75.6628,16.4574
5	5,1,73.845,2.86015
5	5,1,94.2795,29.7973
5	5,1,85.3687,18.5425
5	5,1,53.8071,32.4525
5	5,1,97.8026,5.06452
5	5,1,79.0579,44.3616
5	5,1,58.013,34.1281
5	5,1,77.0863,21.5741
5	5,1,84.9418,15.7469
5	5,1,74.8523,34.1673
5	5,1,72.3047,1.15393
5	5,1,71.7258,22.9695
5	5,1,60.9338,7.02082
5	5,1,67.0004,24.5431
5	5,1,92.5424,6.82112
5	5,1,84.4422,17.424
5	5,1,90.2282,36.1013
5	5,1,55.2318,29.8953
5	5,1,92.2892,24.2191
5	5,1,94.5717,43.5061
5	5,1,50.8289,22.5629
5	5,1,83.5305,8.53676
5	5,1,87.0453,34.4296
5	5,1,87.9343,3.64363
5	5,1,90.9877,3.32432
5	5,1,74.6231,28.504
5	5,1,97.0042,2.18033
5	5,1,98.8016,8.33636
5	5,1,75.2502,16.258
5	5,1,71.879,39.2484
5	5,1,86.8834,0.863324
5	5,1,85.0851,49.8938
5	5,1,83.7624,47.8213
5	5,1,80.2944,46.2491
5	5,1,58.1945,23.8348
5	5,1,63.268,37.3446
5	5,1,63.695,26.3386
5	5,1,90.065,35.3016
5	5,1,64.3111,13.123
5	5,1,72.0658,50.0394
5	5,1,64.8892,32.2104
5	5,1,92.9422,4.26001
5	5,1,96.1239,18.8191
5	5,1,63.8601,7.1688
5	5,1,71.9631,36.9002
5	5,1,55.0837,18.1267
5	5,1,72.9806,32.9427
5	5,1,80.8857,39.5565
5	5,1,72.2642,44.6306
5	5,1,57.5828,32.1861
5	5,1,57.5227,11.0246
5	5,1,76.7317,8.04341
5	5,1,91.1109,29.6584
5	5,1,91.5978,39.2791
5	5,1,68.398,17.5542
5	5,1,83.449,46.1474
5	5,1,92.7644,3.70409
5	5,1,60.5633,25.2011
5	5,1,94.2509,12.4694
5	5,1,94.7085,44.8514
5	5,1,57.6136,32.3902
5	5,1,76.865,39.5986
5	5,1,88.9319,0.177397
5	5,1,73.1278,21.76
5	5,1,58.4099,29.9622
5	5,1,82.3563,11.7043
5	5,1,58.6389,3.28631
5	5,1,82.0672,4.92809
5	5,1,59.6704,4.51612
5	5,1,72.5573,20.1763
5	5,1,99.6607,44.5516
5	5,1,64.2285,32.2431
5	5,1,58.4959,39.0094
5	5,1,66.8202,9.82932
5	5,1,56.8835,3.97024
5	5,1,71.7715,13.7063
5	5,1,90.5675,18.554
5	5,1,57.651,13.1565
5	5,1,92.6679,10.0643
5	5,1,68.4335,9.54485
5	5,1,50.9651,19.9043
5	5,1,58.6587,22.2535
5	5,1,60.883,4.57616
5	5,1,99.0502,15.4125
5	5,1,80.0812,1.29098
5	5,1,81.6774,49.61
5	5,1,94.9602,45.8703
5	5,1,91.1067,22.5364
5	5,1,76.4782,45.1611
5	5,1,65.4036,20.0805
5	5,1,72.6607,35.7173
5	5,1,92.7544,46.2792
5	5,1,64.5102,11.9781
5	5,1,99.0992,40.1828
5	5,1,54.0569,20.6298
5	5,1,77.0883,49.27
5	5,1,97.8064,5.35246
5	5,1,65.5197,19.3306
5	5,1,92.5631,44.8407
5	5,1,80.8449,6.99089
5	5,1,72.1562,3.5271
5	5,1,52.8284,28.4535
5	5,1,61.8789,14.6941
5	5,1,73.6233,39.9943
5	5,1,53.5906,16.2388
5	5,1,87.2997,26.6039
5	5,1,57.9105,3.05631
5	5,1,75.333,26.2215
5	5,1,86.0133,13.0267
5	5,1,92.5608,29.7445
5	5,1,81.0955,42.0857
5	5,1,94.7674,7.06187
5	5,1,75.4973,26.3435
5	5,1,72.8455,49.986
5	5,1,94.4933,5.51239
5	5,1,64.489,41.5428
5	5,1,64.9763,5.3001
5	5,1,62.6247,20.368
5	5,1,54.4381,31.0598
5	5,1,52.9892,5.27328
5	5,1,83.78,31.2509
5	5,1,69.3416,47.8129
5	5,1,74.4024,44.1182
5	5,1,91.4214,8.34955
5	5,1,90.759,7.67503
5	5,1,87.5336,12.8176
5	5,1,87.8735,32.0993
5	5,1,70.9488,34.9302
5	5,1,74.1926,11.1462
5	5,1,98.1248,32.1206
5	5,1,73.9536,43.6585
5	5,1,83.8332,5.41404
5	5,1,73.3532,41.7722
5	5,1,66.4578,29.4322
5	5,1,88.2382,26.8699
5	5,1,76.5718,11.8344
5	5,1,77.5112,27.3405
5	5,1,53.6205,31.4062
5	5,1,83.703,23.9
5	5,1,58.0327,11.7566
5	5,1,84.5487,45.8514
5	5,1,97.8609,36.6037
5	5,1,83.7746,45.6703
5	5,1,92.0244,8.7983
5	5,1,90.2248,38.5364
5	5,1,61.1986,1.07459
5	5,1,54.6827,37.446
5	5,1,83.3133,0.444523
5	5,1,61.5296,20.7888
5	5,1,86.3922,5.62001
5	5,1,67.3324,30.3795
5	5,1,61.2336,22.9208
5	5,1,94.5534,22.2161
5	5,1,72.283,39.8278
5	5,1,65.8186,6.72402
5	5,1,52.7743,17.0731
5	5,1,75.7134,16.306
5	5,1,77.592,5.04897
5	5,1,89.915,15.5387
5	5,1,97.3386,43.7427
5	5,1,92.6042,22.605
5	5,1,78.9334,33.7203
5	5,1,71.3475,45.1137
5	5,1,75.1146,46.7414
5	5,1,55.3025,4.46175
5	5,1,84.1309,41.4127
5	5,1,95.0527,7.77506
5	5,1,87.1287,21.9763
5	5,1,93.7081,41.2956
5	5,1,79.4983,42.256
5	5,1,87.2685,33.2791
5	5,1,91.2546,36.658
5	5,1,75.4005,2.21784
5	5,1,70.5084,46.5248
5	5,1,74.4918,29.0421
5	5,1,81.8417,48.1233
5	5,1,70.9922,10.5298
5	5,1,84.3679,31.6199
5	5,1,67.0086,16.6092
5	5,1,81.7065,2.21339
5	5,1,90.0107,19.9673
5	5,1,99.067,15.8856
5	5,1,83.1428,41.0658
5	5,1,52.3056,23.1173
5	5,1,86.9256,40.6154
5	5,1,52.2432,29.9128
5	5,1,68.5838,37.8888
5	5,1,69.3787,35.2091
5	5,1,82.1695,33.7617
5	5,1,96.9256,36.845
5	5,1,80.9625,38.7399
5	5,1,93.7138,32.5367
5	5,1,59.6142,13.0319
5	5,1,71.3491,4.32495
5	5,1,75.2272,4.93304
5	5,1,91.4205,2.45342
5	5,1,94.4058,32.0742
5	5,1,55.0831,38.1085
5	5,1,90.2894,42.0578
5	5,1,51.9318,34.2005
5	5,1,60.8544,20.43
5	5,1,96.4586,30.7278
5	5,1,82.7046,15.6596
5	5,1,53.9875,12.0029
5	5,1,87.0931,15.81
5	5,1,62.2196,24.07
5	5,1,56.7837,19.6009
5	5,1,61.7043,32.5536
5	5,1,57.3876,3.41041
5	5,1,52.0449,25.8356
5	5,1,81.3233,42.2375
5	5,1,54.3004,38.0818
5	5,1,54.2523,26.5205
5	5,1,75.3344,46.9257
5	5,1,79.3976,16.2928
5	5,1,51.8861,26.151
5	5,1,78.2907,9.24066
5	5,1,91.2161,8.29844
5	5,1,89.5293,44.9144
5	5,1,74.689,29.4629
5	5,1,56.1214,8.49057
5	5,1,80.0885,22.9155
5	5,1,66.6781,28.4038
5	5,1,93.1124,1.91497
5	5,1,93.1499,22.7918
5	5,1,52.1395,28.838
5	5,1,62.0236,16.0259
5	5,1,99.4623,29.3546
5	5,1,86.3922,16.077
5	5,1,89.0337,42.5566
5	5,1,88.3358,48.4747
5	5,1,87.8647,41.3999
5	5,1,80.1242,19.868
5	5,1,96.7361,25.0622
5	5,1,56.655,13.268
